# months.R
# written by Robert W. Fuller on 090322

months <- c(0.0417, 0.1250, 0.2083, 0.2917, 0.3750, 0.4583,
            0.5417, 0.6250, 0.7083, 0.7917, 0.8750, 0.9583)
